2 7.672999999992491e-05
5 8.699000000009783e-05
10 0.00039767000000008325
12 0.00029586000000003665
15 0.00048032000000008956
20 0.0004920200000000374
30 0.0009715299999999872
40 0.0011631100000000227
45 0.0012913000000000618
50 0.0020998300000000026
55 0.0016499699999999785
60 0.0018858000000000264
75 0.0032937899999999853
100 0.0037753399999998828
125 0.00552728000000009
160 0.006248959999999882
200 0.008255590000000002
250 0.01165257000000004
350 0.017990910000000016
500 0.021720130000000105
600 0.026053859999999762
800 0.03551012
1000 0.045143010000000136
2000 0.17997051999999947
5000 1.5941056300000007
10000 10.644201870000002
