2 6.335000000001756e-05
5 7.172999999998098e-05
10 8.56000000000634e-05
12 8.893999999988189e-05
15 7.948000000008726e-05
20 0.0002707000000000015
30 0.0004498800000000802
40 0.0005060800000000309
45 0.0006942499999999629
50 0.002414509999999881
55 0.0008513899999998742
60 0.001407750000000041
75 0.0013083300000000797
100 0.001763609999999982
125 0.00251087999999986
160 0.0034158699999998544
200 0.0049363799999999625
250 0.00793509999999995
350 0.00869901000000004
500 0.011910620000000005
600 0.014467570000000051
800 0.019465610000000133
1000 0.032056530000000104
2000 0.1333428100000001
5000 1.16703367
10000 7.0596651500000025
