2 6.617000000000428e-05
5 4.118999999999651e-05
10 7.17699999999849e-05
12 8.066000000000461e-05
15 8.342000000001182e-05
20 0.0002184200000000025
30 0.0003175300000000048
40 0.00044053000000000007
45 0.0006476999999999955
50 0.001898270000000013
55 0.0009558200000000072
60 0.001151369999999996
75 0.0018062099999999858
100 0.001814300000000013
125 0.0032004199999999816
160 0.003531569999999995
200 0.003828360000000042
250 0.0061026600000000375
350 0.007642569999999971
500 0.011507410000000152
600 0.013897009999999987
800 0.019561509999999505
1000 0.03130303999999988
2000 0.13760487999999976
5000 1.1597869699999976
10000 7.081037320000007
