2 4.968999999999668e-05
5 3.868999999999956e-05
10 4.443000000000641e-05
12 4.515000000001046e-05
15 5.218000000000722e-05
20 0.00011544000000000554
30 0.00023995000000000543
40 0.00039827999999998974
45 0.0004843999999999904
50 0.0005679000000000045
55 0.0006840799999999869
60 0.0008402499999999979
75 0.0001259800000000144
100 0.0004595300000000413
125 0.0010672499999999862
160 0.0005682700000000151
200 0.0005158300000000171
250 0.002511879999999955
350 0.006142070000000066
500 0.014637949999999834
600 0.021697399999999867
800 0.03764154999999976
1000 0.058260300000000244
2000 0.24551110999999856
5000 1.5746429800000001
10000 8.177422029999974
