2 5.365000000000231e-05
5 3.889999999999727e-05
10 5.305999999999367e-05
12 5.185000000000328e-05
15 7.450999999999985e-05
20 0.0001242600000000038
30 0.00024376000000000952
40 0.00038992999999999943
45 0.0004754799999999948
50 0.0008398100000000131
55 0.0006862499999999994
60 0.0009038600000000119
75 0.0001481400000000188
100 0.000478679999999998
125 0.001129160000000029
160 0.0005802200000000424
200 0.0005120199999999464
250 0.0027367800000001274
350 0.0059332099999998885
500 0.014671480000000115
600 0.02075636000000003
800 0.03775482000000023
1000 0.05822505999999983
2000 0.24558665999999932
5000 1.5726385799999967
10000 8.074719670000022
