2 3.9710000000001136e-05
5 4.0280000000003646e-05
10 3.6980000000008675e-05
12 3.440999999999583e-05
15 5.237999999999632e-05
20 5.2679999999988294e-05
30 6.003999999999454e-05
40 0.0001236899999999985
45 0.0001289699999999949
50 0.00012339000000001764
55 0.00012603999999999393
60 0.00013498000000001787
75 0.00023954000000000474
100 0.00029289999999998484
125 0.0003732199999999519
160 0.0005981400000000248
200 0.0006762099999999771
250 0.0009175400000000167
350 0.0023363300000000644
500 0.00523406000000004
600 0.0070259399999999415
800 0.011441149999999834
1000 0.020290690000000035
2000 0.11514597999999979
5000 0.8626731000000021
10000 4.735340779999996
