2 7.010999999999545e-05
5 5.393000000000203e-05
10 0.00033383000000000165
12 0.0004140199999999927
15 0.000655400000000006
20 0.0004603700000000044
30 0.0007334499999999911
40 0.000983419999999996
45 0.0012136400000000048
50 0.0013714299999999958
55 0.0015898700000000043
60 0.0017810300000000057
75 0.0035266600000000035
100 0.004051399999999994
125 0.0059424500000000435
160 0.0064449700000000385
200 0.007020209999999994
250 0.009547490000000058
350 0.016340250000000056
500 0.020678359999999917
600 0.024894079999999884
800 0.03440858000000002
1000 0.0484461999999997
2000 0.19824324000000093
5000 1.5971340800000013
10000 10.352391789999993
