2 3.296999999999883e-05
5 3.430999999999851e-05
10 3.1329999999993305e-05
12 4.7740000000007224e-05
15 5.0560000000005045e-05
20 0.0001557200000000092
30 0.0003410200000000141
40 0.0004264399999999946
45 0.0005930599999999897
50 0.0024611100000000107
55 0.0008237599999999845
60 0.001006909999999983
75 0.0015308100000000046
100 0.001746520000000007
125 0.0034900700000000118
160 0.0034428499999999973
200 0.0037149300000000273
250 0.00569967000000009
350 0.007081669999999951
500 0.011339670000000046
600 0.012604919999999886
800 0.023002529999999587
1000 0.032440379999999894
2000 0.14012360000000115
5000 1.13484526
10000 7.061077030000002
