2 3.595999999999322e-05
5 4.368999999999623e-05
10 5.6730000000002054e-05
12 6.581000000000504e-05
15 6.274000000000001e-05
20 0.0001766999999999963
30 0.0003208100000000047
40 0.0004692999999999947
45 0.0006084700000000165
50 0.0015892399999999974
55 0.000794309999999998
60 0.000981349999999992
75 0.0019317800000000275
100 0.0019543000000000086
125 0.0026523199999999524
160 0.003284739999999964
200 0.003753459999999964
250 0.0050931200000000395
350 0.007861669999999998
500 0.011294119999999897
600 0.012400749999999761
800 0.01962193000000001
1000 0.03240563000000023
2000 0.13961234000000006
5000 1.136060540000004
10000 7.080355099999972
