2 5.178000000000127e-05
5 3.1139999999998946e-05
10 4.31400000000054e-05
12 3.617000000001313e-05
15 7.287999999999739e-05
20 6.29900000000072e-05
30 6.060999999999983e-05
40 0.00012604000000000505
45 0.0001214300000000057
50 0.00015496999999997652
55 0.00013366999999999684
60 0.00014108000000001564
75 0.0002490900000000185
100 0.00029325000000000043
125 0.0003654600000000174
160 0.0005935300000000421
200 0.0007323300000000365
250 0.0009363999999999262
350 0.0021651600000000214
500 0.005103550000000068
600 0.007242789999999921
800 0.011403189999999785
1000 0.01997370000000025
2000 0.11518294000000004
5000 0.8668448999999996
10000 4.737346209999984
