2 2.8390000000003135e-05
5 3.73399999999996e-05
10 3.630999999999773e-05
12 4.325000000001134e-05
15 4.563999999999679e-05
20 0.0001561699999999999
30 0.00034453999999998764
40 0.0004516099999999967
45 0.0006084500000000104
50 0.002534669999999989
55 0.0008223499999999939
60 0.0009866599999999947
75 0.0015212299999999845
100 0.00174831999999997
125 0.003127979999999986
160 0.0034304300000000286
200 0.0038386899999999892
250 0.005618630000000069
350 0.00737789999999996
500 0.011324639999999997
600 0.012361690000000003
800 0.021303730000000166
1000 0.03343185000000019
2000 0.14157848999999983
5000 1.1376527599999995
10000 7.094952309999982
