2 0.0005556699999999914
5 0.0005327700000000102
10 0.0005936900000000078
12 0.0005888699999999969
15 0.0006176799999999983
20 0.0006055399999999711
30 0.0006056999999999979
40 0.000575900000000007
45 0.0007025999999999866
50 0.0007717500000000044
55 0.0008754700000000115
60 0.0007394899999999982
75 0.0006266400000000561
100 0.0006153400000000753
125 0.0007238199999999972
160 0.0006702300000001049
200 0.0007129200000000058
250 0.0007421200000000017
350 0.0007415799999999529
500 0.00085260000000007
600 0.0009262600000000454
800 0.0010708400000001284
1000 0.0011465900000002804
2000 0.002273009999999509
5000 0.009219329999999814
10000 0.033310729999988097
