2 0.0008313400000000082
5 0.0010595399999999977
10 0.0017496799999999924
12 0.001994079999999998
15 0.002480640000000012
20 0.0031124400000000054
30 0.004350910000000019
40 0.005620180000000008
45 0.006668089999999993
50 0.00907042999999994
55 0.009185989999999977
60 0.008552460000000029
75 0.010148959999999985
100 0.013545760000000007
125 0.017650600000000027
160 0.021746359999999985
200 0.028814810000000034
250 0.035573419999999877
350 0.04966729999999977
500 0.07631521999999995
600 0.09813759000000007
800 0.1387582399999996
1000 0.19074318000000012
2000 0.4925836699999998
5000 2.6164102099999997
10000 9.93577191
