2 3.763000000001071e-05
5 2.5959999999991545e-05
10 3.3960000000005096e-05
12 2.761999999999487e-05
15 3.204999999998348e-05
20 3.3399999999983444e-05
30 3.392999999999313e-05
40 4.2539999999990916e-05
45 4.718999999998585e-05
50 7.623999999999409e-05
55 6.228000000003675e-05
60 6.303000000003056e-05
75 7.753000000003674e-05
100 0.0001008800000000587
125 0.0002887299999999149
160 0.0004363099999999953
200 0.0010688699999999774
250 0.0015289200000000226
350 0.004118390000000094
500 0.007572069999999975
600 0.011657779999999906
800 0.020491470000000334
1000 0.03425201000000033
2000 0.15119241000000053
5000 1.0311884400000004
10000 4.260718559999992
