2 1.6160000000003948e-05
5 1.8430000000013713e-05
10 1.727000000000256e-05
12 1.9639999999998548e-05
15 1.651000000003622e-05
20 1.8639999999991995e-05
30 2.138999999999891e-05
40 2.10400000000166e-05
45 2.5979999999981018e-05
50 3.512000000005511e-05
55 2.5129999999951026e-05
60 2.8969999999994832e-05
75 3.565000000000928e-05
100 4.686999999996555e-05
125 0.00010447999999991797
160 0.00016793999999999975
200 0.0001996899999999524
250 0.0003359200000000673
350 0.0008275199999999039
500 0.0016430100000000003
600 0.0029536799999998033
800 0.004869070000000341
1000 0.007555730000000338
2000 0.04138569999999984
5000 0.30395974000000014
10000 1.3035207799999995
