2 0.0014163100000000096
5 0.0011491200000000035
10 0.0011905600000000015
12 0.0011485399999999868
15 0.0011416399999999993
20 0.0011875700000000156
30 0.0011795099999999947
40 0.0012868800000000124
45 0.0013365700000000258
50 0.0016209300000000315
55 0.0016487399999999708
60 0.0014448200000000578
75 0.0013214899999999918
100 0.0013028099999999655
125 0.001551359999999935
160 0.0014983999999999664
200 0.0013880100000000617
250 0.0013701400000000862
350 0.0013401499999999623
500 0.0015508099999999914
600 0.0020823600000002608
800 0.0028413799999999156
1000 0.002989519999999679
2000 0.007420260000000312
5000 0.03385422999999967
10000 0.12633448000001693
