2 9.261999999999881e-05
5 7.681000000000492e-05
10 7.545000000000468e-05
12 0.00010990000000000721
15 7.36300000000023e-05
20 0.000431590000000015
30 0.0008388599999999968
40 0.0011203699999999706
45 0.0013265299999999924
50 0.0013155500000000097
55 0.0011819099999999861
60 0.0015350899999999833
75 0.0023299099999999793
100 0.0033767099999999937
125 0.0038562899999999402
160 0.004887409999999992
200 0.006297669999999922
250 0.007618249999999982
350 0.00974573000000003
500 0.014233530000000095
600 0.01931460000000005
800 0.024537819999999932
1000 0.03924711999999993
2000 0.1481373999999997
5000 1.2812132599999988
10000 7.561670369999999
