2 0.00010084999999999123
5 8.732999999999102e-05
10 8.785999999998961e-05
12 0.00010974000000000262
15 9.766000000001051e-05
20 9.398999999997715e-05
30 9.017999999999526e-05
40 0.0001086999999999838
45 0.00010935999999995838
50 0.0001150699999999949
55 0.00012029000000000068
60 0.00010157000000003969
75 0.00010961000000002663
100 8.856999999999893e-05
125 0.00010728999999993771
160 0.0001241900000000129
200 0.00013754000000001376
250 0.000147529999999918
350 0.0001697100000001228
500 0.00027289000000019215
600 0.00043856000000008777
800 0.0006441699999999884
1000 0.0008916200000001595
2000 0.002967859999999689
5000 0.01632254999999887
10000 0.06381495000000541
