2 3.0210000000008284e-05
5 2.3249999999996886e-05
10 2.3900000000004474e-05
12 3.2430000000016615e-05
15 2.3809999999979682e-05
20 3.176999999998653e-05
30 2.7190000000032467e-05
40 3.875999999998214e-05
45 3.880999999997803e-05
50 4.2480000000089114e-05
55 4.2879999999989594e-05
60 3.609999999998337e-05
75 4.1789999999997105e-05
100 4.331999999993563e-05
125 6.848999999997663e-05
160 0.0002597400000000416
200 0.0005362199999999984
250 0.0006935400000000147
350 0.0016041699999998383
500 0.0034022000000001108
600 0.005605689999999974
800 0.010709209999999914
1000 0.01641685000000006
2000 0.07644022000000046
5000 0.5183658499999997
10000 2.147308029999985
