2 7.65499999999919e-05
5 6.928999999999407e-05
10 7.73099999999971e-05
12 8.867999999998544e-05
15 7.572999999998498e-05
20 8.50999999999713e-05
30 9.206999999999965e-05
40 9.587999999998154e-05
45 0.00010511000000000826
50 0.00012713000000006414
55 9.985999999999607e-05
60 0.00011025999999998426
75 0.00011911999999998368
100 0.00011997000000001368
125 0.0001816299999999993
160 0.00020376000000004167
200 0.00018983999999995228
250 0.00022022999999995462
350 0.0003063600000000388
500 0.00036349000000006625
600 0.0004898300000000689
800 0.0005557699999999777
1000 0.0006508900000001816
2000 0.0009944299999990135
5000 0.0023279399999996285
10000 0.004843389999996362
