2 1.2260000000002824e-05
5 8.489999999994335e-06
10 1.1980000000000324e-05
12 8.86999999999416e-06
15 1.1809999999978782e-05
20 1.3229999999986309e-05
30 1.4839999999982645e-05
40 2.0349999999980105e-05
45 2.4289999999993484e-05
50 3.101999999999272e-05
55 3.9230000000034514e-05
60 3.353999999999857e-05
75 0.00014507999999997524
100 0.00017108000000003453
125 0.00018039999999994727
160 0.000248060000000061
200 0.000370999999999988
250 0.000467790000000079
350 0.0010588000000000708
500 0.0024200200000001003
600 0.004866390000000021
800 0.009175800000000133
1000 0.016705650000000107
2000 0.12097618999999984
5000 1.7300980899999985
10000 13.116453129999991
