2 0.0005365100000000011
5 0.0005330199999999896
10 0.0005523500000000125
12 0.0006011100000000158
15 0.0005259500000000083
20 0.0007168600000000081
30 0.0005945200000000206
40 0.000590679999999999
45 0.0007641200000000125
50 0.0007069699999999957
55 0.0007244499999999876
60 0.0007839099999999765
75 0.0006605700000000159
100 0.0006372100000000325
125 0.0007689199999999952
160 0.0007867500000000138
200 0.0006834499999999188
250 0.0007796400000000592
350 0.0007534699999998562
500 0.0008941699999999386
600 0.0010515600000000624
800 0.0011879199999997425
1000 0.0014930400000000787
2000 0.003378260000000033
5000 0.01701312000000499
10000 0.06536442000000306
