2 5.439999999999334e-05
5 5.1719999999993996e-05
10 0.0003386099999999892
12 0.00036735000000001075
15 0.0006045100000000248
20 0.0008158599999999905
30 0.001603460000000001
40 0.0015803900000000205
45 0.00166887
50 0.0018791299999999956
55 0.002123670000000022
60 0.002513130000000019
75 0.0037418999999999647
100 0.00418333999999998
125 0.005637399999999948
160 0.0073192899999999115
200 0.008493459999999953
250 0.010557059999999962
350 0.014934629999999994
500 0.021311729999999952
600 0.029077140000000147
800 0.03436677999999995
1000 0.044710999999999855
2000 0.15099733000000004
5000 1.3477002700000007
10000 9.363929429999995
